69

walterus fitz. lobannis, 26; -1114, W. ll. seneschallus Epise. 014114, 18.
Homini, 34. Wolfe, willielmus, 38, 39.
1141344444, 20, 22 ; David, 103 1111- 1134, Philippus, 15; 844, 21 ; Tho·
bertus, 6; lohannes, 22. mas, 15, 203 walterus, 20, 21.
114144111111411444 fitz. 1111414411, 39. 113464441411. de, 42.
Went, 141144. 11444444 (11444, 48. 1131444414114483144. 01444, 35.
While, David, 9; Galfridus, 11.; 1141-
1114114,11.;11141141444, 22; Philippus 1344411441. 0414441, 36.
9,15;814411141,4;Τ1141444,8; Yhenny, lohannes, 353 Thomas, 11.
willielmus, 9, 15. 111411444441181144113.
Willielmus fila. 44411444, 43; -1114, 141143, Halyn, 49 ; 1414141144, 13, 23,
David, 46;-1111. 11411411, 23- 50.
fitz. Simonis, 38; 8314401444, 15.

INDEX 1000111111.

44441414, 45. 841344444, 2, 4, 7, 8.
44441334, 7, 8. 8413443311, 27.
44144, 11, 12, 46, 47, 48. 8413414144, 44.
4414414411, 47. 8413441134, 6, 8, 38.
4111344411, 27. 84134433, 44.
41113444, 28. 8413414444, 46.
11411, 4, 44. 11413144, 4, 44. .
4334141143, 27. 8413144444, 26.
43441141, 2, 7, 8. 841344441341.
4141444434, 28. 8413134, 1, 45.
443114, 44114114 de, 25. 841334443, 1.
41144144, l. 84133 ,44.
43441441, 12. 84133364 34, 12.
4431143113, 4. 44, 41.
8414311411, villa (14, 13, 24, 49, 54,; 841314441411, 44.
44414414 de, 13, 25; placila de, 24. 84131434133, 3.
8413443, 5. 841313441, 3, 46, 46.
84134434, 2. 841314414444, 2.
8413414344, 1. 8413143, 2, 40.
8411311444, 2, 37, 40, 46, 61. 84131443, 2.
8413114111, 3. 841314444, 3, 39.

 

