Doupduyst, 10.

Β11111311111, 26, 28 , curia 61, 27.

Dromor, 32, 35, ecclesiane, 34.
Β101111-0631131, 33, 34.
Dromyn, 27.

11111111111111, 44.

Dubnn, 42 ,-1111111’11111, 19.

1111111111, 21.
11111111111111, 28.
Faybok, 27.
Ἐ111113,47, 48, 56.
Fam 1111313113, 17.
1131111311, 32.

(11111111, 10.
(1111131111111, 26.
1111111111, 17.
(1111111111, 12.
(11113111131131, 26.
(11113131111111, 18.
(1111111116, 11.
(11111, 10 ,-11, 17.
1111111116, 18.
631111161111116, 17.

1111111111111, 17.
Η111111111 villa, 6, 40, 46.
Η116111111, 11.
Ηο11111111, 18.

Η3111, 11, 11.

11111111, 36· 1111116161, 58.
1111111113, 45.

1111111311, 3, 44.

11131131, 3.

1113111111, 27, 26.

Insula, 36.

Ι1311111ο1, 41.
1131111111,41,11.

Κ111111111, 40.
Κ1111111, 24.

3713111, 12.
Κ111 1, 28, 29. ,
Κ11111111, 5.

Κ1111311,11111111111111 61, 44.

Κ1111113,2,3.

Κ111111313, 15.

Κ1111111111, 15, 26, 46.

Κ11311111, 4, 46.

Κ1111311,13.

Κ11111111131, vid. Κ11111111131.

Κ11111111131, 2, 30, 32, 52, burgenses
61,15,16,17,19,26, castrando,
12, 13, 14, 15, 58,11111161,13,
14, 23, 25, 50, 58, dominium 61,
15,19,54;111111111161,12,16,
17,25,50,1111111111111,49.

Κ1111111131, 4.

Κ111111111,11.

Κ 31111111, 14, 23, 48, 58.

Κ31111111111, 11, 46.

Κ311111311, 14, 25, 49.

Kylhryn, 16, 26.

Κ311ο111, 12, 48.

Κ31111111 16, 23.

Κ31111611, 5, 44.

Κ311166, 22, 26.

Κ 31311111, 4, 46.
Κ31311311,44.

Κ3,1311111111.
Κ 31311131, 18.
Κ31111113, 42, 60.
Κ31111,44.
Κ3111111111, 45.
Κ3111,8, 44, 57.
Κ31111111, 9, 10, 11, 30, 32, 46, 47,
Κ 3111111113, 46.
Κ31111113, 16.
Κ311111131, 36.
Κ3111111111, 19.
Κ311111111, 4, 46.

Κ1111113111, 28, 29.
Κ311111113, 5, 27.
KyKynlmm 24, 43 ,-.1111111, 18 ,·61

11111, 18.
Κ31111111131,34.

11113111111111,19.
11113111131113,18.
111131, 14, 18, 19, 49, 50, 51.

 

