70

Balylongan, 4.
Balymaebuoghan, 2.
Balymaoearab, 3.
Balymaeketh, 44.
Balymartre, 4.

Balymeloye, 15.

Balymostrony, 3.

Balymolyn, 2.

Balynaohory, 4.

Balynegygouth, 45.

Balyngarrane, 2.

Balynsharth, 45.

Balynvonyghan, 3.

Balynylan, 44.

Balyogy, 43.

Balyonan, 8.

Balyony, 40, 45.

Balyorclog, 27.

Balyoulyn, 5.

Balyregan, 3, 35, 33, 43.

Balyrussell, 86.

Balytayg, 26, 28.

Belagh, 24.

Bellaghnamagy, 26.

8313113311, 82.

Bernibrogwan, 44.

8313113113, 5.

Blakedyche, 16.

8311133, 1.

83113133, 46.

Β31133, 10, 18, 22, 23, 35, 86, 48, 55,
3331311313 (13, 12, 49, 33313313 de
25 , prioratus de, 28, 54, 57.

Β13133, 44.

Brewhy, 31, 33, 34.

Β11313111,133, 17.

31331333, 14, 25.

813313, 8.

81331333, 15.

Bryen, 1311313, 40.

Brygeton, Prior de, 10.

Brygidae 13313, 33313313, 12.

813331, 46.

Βτγςονῖο, 11113113, 11,12; parochia
(13,1 .

Bulgony, 1.

Β1113333-01313, 26.

Burnagh, 27 .

0311311333, 1.

Carybothy, 43.

0331133311, 5, 9, 42.

0333331313, 4, 45, 46.

0333313333313, 12.

0313331331, 45.

Clenor, 9, 12, 46, 47, 48, 49, 56,
dominium 13, 11, 3133311331 de,
33, parochia 33, 10.

3131333311, 13, 33, 43, 50, 51, 53.

Olondroyt, 27, 28, 29.

(11333, 1, 3, 4, 3, 33, 33, 35, 33, 13,
burgagium (13, 8, 4, 89, castrum
de, 8, 33113, 1, 48, dominium (13,
8, 33313313 (13, 17, munimenta, 86,
redditus dom. Epioe. 12.

01331311, 17.

0133331333, 19.

01333311, 59.

01331333, 15, 23, 50.

01333113, 44.

0331133-013333331, 18 3—153110145, 11.

03311,13, 17.

03311311, 18.

03311131, 31.

03131331 833311. 33313313, 5, 9, 23, 24,
25, 28, 29, 41, 57 ,-3313 311311,

03333, 25.

Oonyng, 17.

Corboly, 1, 2, 9, 86.

03113317, 26.

03111, 9, 13, 84, 85, 58,-331311.,

3311131, 5, 3, 35, 45.

03113333, 28.

0331, 9, 29, 55, 3333111313 (13, 82,
33113, 84, 33313313 de, 11,, 13333-
rium, 88, 11133313 de, 35.

Ooul-Golings, 84, 55.

0331313133, 5.

033113333318, 28, 25, 49.

0331133333, 58.

0133113113, 12.

031313333327.

0331311, 46.

03813331, 17 ,-13, 11, 18,-0133331,

 

