Langelond, 18.

16166, 89.

Lesdon, 11.
16666661666661, 18.
1163166, 1.

1666166, 46.
Louhansalaueh, 18.
Lymerioi, comitatus, 51.

1166161161, terra de, 46.
1166161161, 18.
Maoholdrykenlond, 28, 49.
11666166, terra de, 46.
Maghmaeteohady, 28, 29.
Magnukedha, 28.
1166666161, 61.
116661611611, 17.
1166616161, 21.

Martem, 2, 9; 61116161, 4, 45.

11666-61616616,4.
Michaelis 866611, 6666116, 4.
Minoum, 16, 21.
Mointoraughe, 2.
11666616τί6, 66166116 de, 12.
116 ,11, 45.

Moy ,14.

11666616, 2, 5, 41.

Mo eil, 4, 9, 45.

M 611611, 18.
1161161666, 17.

’ 116616616661, 48.

11666676666366, 12.
Mustlyn, 26.
1161161616, 6666116 (16, 12.

1161116, 8.
1166666, 46 3-Molag, 11.
116661, 86.

061161, 44.
03166666, 48, 44.

78

Oldorehyerd, 17.
06661166, 50.

8666661616, 12, 48, 49.
Philippi fitz. Walteri, terra, 44.

66666, 46, 48, 49.

11661166, 21.
11611, 4.
Rath-cogn, 25.
Rathmaehor, 1.
Bathyn, 12.
Rocheslond, 26.
1166616166, 2.

861116661οώ6, 12.

smmi, 86.

8166636666, 2.

8166116, 2.

81666666, 1.

81666-0661167, 18.

sle ‚ 1, 2;-beg 61 mor, 46.
8616 tro, 14, 15, 28, 49, 56.
86166, 21.

1161166666, 4.
Γ16116166, 13, 49.
66166616666, 45.

1111616616, 1111661166, 66.

1961661666, Prior 1161661666 85.
1116166166, 11.
wressogh, 46.

Yoonygan, 26.
Yon, terra de, 21.
Yoghill, 8, 9, 67.

 

